(kicad_pcb (version 20171130) (host pcbnew 5.0.2-bee76a0~70~ubuntu18.10.1)

  (general
    (thickness 1.6)
    (drawings 2)
    (tracks 913)
    (zones 0)
    (modules 62)
    (nets 79)
  )

  (page A4)
  (layers
    (0 F.Cu signal)
    (31 B.Cu signal)
    (32 B.Adhes user)
    (33 F.Adhes user)
    (34 B.Paste user)
    (35 F.Paste user)
    (36 B.SilkS user)
    (37 F.SilkS user)
    (38 B.Mask user)
    (39 F.Mask user)
    (40 Dwgs.User user)
    (41 Cmts.User user)
    (42 Eco1.User user)
    (43 Eco2.User user)
    (44 Edge.Cuts user)
    (45 Margin user)
    (46 B.CrtYd user)
    (47 F.CrtYd user)
    (48 B.Fab user)
    (49 F.Fab user)
  )

  (setup
    (last_trace_width 0.155)
    (trace_clearance 0.155)
    (zone_clearance 0.508)
    (zone_45_only no)
    (trace_min 0.155)
    (segment_width 0.2)
    (edge_width 0.15)
    (via_size 0.6)
    (via_drill 0.3)
    (via_min_size 0.4)
    (via_min_drill 0.3)
    (uvia_size 0.3)
    (uvia_drill 0.1)
    (uvias_allowed no)
    (uvia_min_size 0.2)
    (uvia_min_drill 0.1)
    (pcb_text_width 0.3)
    (pcb_text_size 1.5 1.5)
    (mod_edge_width 0.15)
    (mod_text_size 1 1)
    (mod_text_width 0.15)
    (pad_size 1.524 1.524)
    (pad_drill 0.762)
    (pad_to_mask_clearance 0.051)
    (solder_mask_min_width 0.25)
    (aux_axis_origin 0 0)
    (visible_elements FFFFFF7F)
    (pcbplotparams
      (layerselection 0x010fc_ffffffff)
      (usegerberextensions false)
      (usegerberattributes false)
      (usegerberadvancedattributes false)
      (creategerberjobfile false)
      (excludeedgelayer true)
      (linewidth 0.100000)
      (plotframeref false)
      (viasonmask false)
      (mode 1)
      (useauxorigin false)
      (hpglpennumber 1)
      (hpglpenspeed 20)
      (hpglpendiameter 15.000000)
      (psnegative false)
      (psa4output false)
      (plotreference true)
      (plotvalue true)
      (plotinvisibletext false)
      (padsonsilk false)
      (subtractmaskfromsilk false)
      (outputformat 1)
      (mirror false)
      (drillshape 1)
      (scaleselection 1)
      (outputdirectory ""))
  )

  (net 0 "")
  (net 1 +3V3)
  (net 2 GND)
  (net 3 +5V)
  (net 4 /PC14)
  (net 5 /PC15)
  (net 6 "Net-(C11-Pad1)")
  (net 7 /NRST)
  (net 8 "Net-(D1-Pad1)")
  (net 9 "Net-(D2-Pad1)")
  (net 10 "Net-(D3-Pad2)")
  (net 11 "Net-(D3-Pad1)")
  (net 12 "Net-(J1-Pad2)")
  (net 13 "Net-(J1-Pad3)")
  (net 14 /SWDCLK)
  (net 15 /SWDIO)
  (net 16 "Net-(J3-Pad3)")
  (net 17 "Net-(J3-Pad4)")
  (net 18 "Net-(J4-Pad2)")
  (net 19 /PB11)
  (net 20 "Net-(J4-Pad4)")
  (net 21 /PB12)
  (net 22 "Net-(J4-Pad6)")
  (net 23 "Net-(J4-Pad8)")
  (net 24 "Net-(J4-Pad9)")
  (net 25 "Net-(J5-Pad4)")
  (net 26 "Net-(J5-Pad3)")
  (net 27 "Net-(J5-Pad2)")
  (net 28 "Net-(J5-Pad1)")
  (net 29 "Net-(J6-Pad1)")
  (net 30 "Net-(J6-Pad2)")
  (net 31 "Net-(J6-Pad3)")
  (net 32 "Net-(J6-Pad4)")
  (net 33 /PA0)
  (net 34 /PA1)
  (net 35 /PA2)
  (net 36 /PA3)
  (net 37 /PA4)
  (net 38 /PA5)
  (net 39 /PA6)
  (net 40 /PA7)
  (net 41 /PA8)
  (net 42 /PA9)
  (net 43 /PA10)
  (net 44 /PA11)
  (net 45 /PA12)
  (net 46 /PA15)
  (net 47 /PB0)
  (net 48 /PB1)
  (net 49 /BOOT1)
  (net 50 /PB3)
  (net 51 /PB4)
  (net 52 /PB5)
  (net 53 /PB6)
  (net 54 /PB7)
  (net 55 /PB8)
  (net 56 /PB9)
  (net 57 /PB10)
  (net 58 /PB13)
  (net 59 /PB14)
  (net 60 /PB15)
  (net 61 /PD0)
  (net 62 /PD1)
  (net 63 /LV0)
  (net 64 /LV1)
  (net 65 /LV2)
  (net 66 /LV3)
  (net 67 "Net-(J9-Pad1)")
  (net 68 "Net-(J9-Pad2)")
  (net 69 "Net-(J9-Pad3)")
  (net 70 "Net-(J9-Pad4)")
  (net 71 /BOOT0)
  (net 72 /PC13)
  (net 73 "Net-(R12-Pad2)")
  (net 74 "Net-(R13-Pad2)")
  (net 75 "Net-(R14-Pad2)")
  (net 76 "Net-(R15-Pad2)")
  (net 77 "Net-(U4-Pad6)")
  (net 78 "Net-(U4-Pad7)")

  (net_class Default "This is the default net class."
    (clearance 0.155)
    (trace_width 0.155)
    (via_dia 0.6)
    (via_drill 0.3)
    (uvia_dia 0.3)
    (uvia_drill 0.1)
    (add_net +3V3)
    (add_net +5V)
    (add_net /BOOT0)
    (add_net /BOOT1)
    (add_net /LV0)
    (add_net /LV1)
    (add_net /LV2)
    (add_net /LV3)
    (add_net /NRST)
    (add_net /PA0)
    (add_net /PA1)
    (add_net /PA10)
    (add_net /PA11)
    (add_net /PA12)
    (add_net /PA15)
    (add_net /PA2)
    (add_net /PA3)
    (add_net /PA4)
    (add_net /PA5)
    (add_net /PA6)
    (add_net /PA7)
    (add_net /PA8)
    (add_net /PA9)
    (add_net /PB0)
    (add_net /PB1)
    (add_net /PB10)
    (add_net /PB11)
    (add_net /PB12)
    (add_net /PB13)
    (add_net /PB14)
    (add_net /PB15)
    (add_net /PB3)
    (add_net /PB4)
    (add_net /PB5)
    (add_net /PB6)
    (add_net /PB7)
    (add_net /PB8)
    (add_net /PB9)
    (add_net /PC13)
    (add_net /PC14)
    (add_net /PC15)
    (add_net /PD0)
    (add_net /PD1)
    (add_net /SWDCLK)
    (add_net /SWDIO)
    (add_net GND)
    (add_net "Net-(C11-Pad1)")
    (add_net "Net-(D1-Pad1)")
    (add_net "Net-(D2-Pad1)")
    (add_net "Net-(D3-Pad1)")
    (add_net "Net-(D3-Pad2)")
    (add_net "Net-(J1-Pad2)")
    (add_net "Net-(J1-Pad3)")
    (add_net "Net-(J3-Pad3)")
    (add_net "Net-(J3-Pad4)")
    (add_net "Net-(J4-Pad2)")
    (add_net "Net-(J4-Pad4)")
    (add_net "Net-(J4-Pad6)")
    (add_net "Net-(J4-Pad8)")
    (add_net "Net-(J4-Pad9)")
    (add_net "Net-(J5-Pad1)")
    (add_net "Net-(J5-Pad2)")
    (add_net "Net-(J5-Pad3)")
    (add_net "Net-(J5-Pad4)")
    (add_net "Net-(J6-Pad1)")
    (add_net "Net-(J6-Pad2)")
    (add_net "Net-(J6-Pad3)")
    (add_net "Net-(J6-Pad4)")
    (add_net "Net-(J9-Pad1)")
    (add_net "Net-(J9-Pad2)")
    (add_net "Net-(J9-Pad3)")
    (add_net "Net-(J9-Pad4)")
    (add_net "Net-(R12-Pad2)")
    (add_net "Net-(R13-Pad2)")
    (add_net "Net-(R14-Pad2)")
    (add_net "Net-(R15-Pad2)")
    (add_net "Net-(U4-Pad6)")
    (add_net "Net-(U4-Pad7)")
  )

  (net_class "six mil" ""
    (clearance 0.155)
    (trace_width 0.155)
    (via_dia 0.8)
    (via_drill 0.4)
    (uvia_dia 0.3)
    (uvia_drill 0.1)
  )

  (module Connector_PinHeader_2.54mm:PinHeader_1x16_P2.54mm_Vertical (layer F.Cu) (tedit 59FED5CC) (tstamp 5C9A8053)
    (at 175 79.52)
    (descr "Through hole straight pin header, 1x16, 2.54mm pitch, single row")
    (tags "Through hole pin header THT 1x16 2.54mm single row")
    (path /5C2DB8B1)
    (fp_text reference J7 (at 0 -2.33) (layer F.SilkS)
      (effects (font (size 1 1) (thickness 0.15)))
    )
    (fp_text value Conn_01x16 (at 0 40.43) (layer F.Fab)
      (effects (font (size 1 1) (thickness 0.15)))
    )
    (fp_line (start -0.635 -1.27) (end 1.27 -1.27) (layer F.Fab) (width 0.1))
    (fp_line (start 1.27 -1.27) (end 1.27 39.37) (layer F.Fab) (width 0.1))
    (fp_line (start 1.27 39.37) (end -1.27 39.37) (layer F.Fab) (width 0.1))
    (fp_line (start -1.27 39.37) (end -1.27 -0.635) (layer F.Fab) (width 0.1))
    (fp_line (start -1.27 -0.635) (end -0.635 -1.27) (layer F.Fab) (width 0.1))
    (fp_line (start -1.33 39.43) (end 1.33 39.43) (layer F.SilkS) (width 0.12))
    (fp_line (start -1.33 1.27) (end -1.33 39.43) (layer F.SilkS) (width 0.12))
    (fp_line (start 1.33 1.27) (end 1.33 39.43) (layer F.SilkS) (width 0.12))
    (fp_line (start -1.33 1.27) (end 1.33 1.27) (layer F.SilkS) (width 0.12))
    (fp_line (start -1.33 0) (end -1.33 -1.33) (layer F.SilkS) (width 0.12))
    (fp_line (start -1.33 -1.33) (end 0 -1.33) (layer F.SilkS) (width 0.12))
    (fp_line (start -1.8 -1.8) (end -1.8 39.9) (layer F.CrtYd) (width 0.05))
    (fp_line (start -1.8 39.9) (end 1.8 39.9) (layer F.CrtYd) (width 0.05))
    (fp_line (start 1.8 39.9) (end 1.8 -1.8) (layer F.CrtYd) (width 0.05))
    (fp_line (start 1.8 -1.8) (end -1.8 -1.8) (layer F.CrtYd) (width 0.05))
    (fp_text user %R (at 0 19.05 90) (layer F.Fab)
      (effects (font (size 1 1) (thickness 0.15)))
    )
    (pad 1 thru_hole rect (at 0 0) (size 1.7 1.7) (drill 1) (layers *.Cu *.Mask)
      (net 33 /PA0))
    (pad 2 thru_hole oval (at 0 2.54) (size 1.7 1.7) (drill 1) (layers *.Cu *.Mask)
      (net 34 /PA1))
    (pad 3 thru_hole oval (at 0 5.08) (size 1.7 1.7) (drill 1) (layers *.Cu *.Mask)
      (net 35 /PA2))
    (pad 4 thru_hole oval (at 0 7.62) (size 1.7 1.7) (drill 1) (layers *.Cu *.Mask)
      (net 36 /PA3))
    (pad 5 thru_hole oval (at 0 10.16) (size 1.7 1.7) (drill 1) (layers *.Cu *.Mask)
      (net 37 /PA4))
    (pad 6 thru_hole oval (at 0 12.7) (size 1.7 1.7) (drill 1) (layers *.Cu *.Mask)
      (net 38 /PA5))
    (pad 7 thru_hole oval (at 0 15.24) (size 1.7 1.7) (drill 1) (layers *.Cu *.Mask)
      (net 39 /PA6))
    (pad 8 thru_hole oval (at 0 17.78) (size 1.7 1.7) (drill 1) (layers *.Cu *.Mask)
      (net 40 /PA7))
    (pad 9 thru_hole oval (at 0 20.32) (size 1.7 1.7) (drill 1) (layers *.Cu *.Mask)
      (net 41 /PA8))
    (pad 10 thru_hole oval (at 0 22.86) (size 1.7 1.7) (drill 1) (layers *.Cu *.Mask)
      (net 42 /PA9))
    (pad 11 thru_hole oval (at 0 25.4) (size 1.7 1.7) (drill 1) (layers *.Cu *.Mask)
      (net 43 /PA10))
    (pad 12 thru_hole oval (at 0 27.94) (size 1.7 1.7) (drill 1) (layers *.Cu *.Mask)
      (net 44 /PA11))
    (pad 13 thru_hole oval (at 0 30.48) (size 1.7 1.7) (drill 1) (layers *.Cu *.Mask)
      (net 45 /PA12))
    (pad 14 thru_hole oval (at 0 33.02) (size 1.7 1.7) (drill 1) (layers *.Cu *.Mask)
      (net 15 /SWDIO))
    (pad 15 thru_hole oval (at 0 35.56) (size 1.7 1.7) (drill 1) (layers *.Cu *.Mask)
      (net 14 /SWDCLK))
    (pad 16 thru_hole oval (at 0 38.1) (size 1.7 1.7) (drill 1) (layers *.Cu *.Mask)
      (net 46 /PA15))
    (model ${KISYS3DMOD}/Connector_PinHeader_2.54mm.3dshapes/PinHeader_1x16_P2.54mm_Vertical.wrl
      (at (xyz 0 0 0))
      (scale (xyz 1 1 1))
      (rotate (xyz 0 0 0))
    )
  )

  (module Connector_PinHeader_2.54mm:PinHeader_1x18_P2.54mm_Vertical (layer F.Cu) (tedit 59FED5CC) (tstamp 5CA53C33)
    (at 137.7 79.4)
    (descr "Through hole straight pin header, 1x18, 2.54mm pitch, single row")
    (tags "Through hole pin header THT 1x18 2.54mm single row")
    (path /5C85ACFE)
    (fp_text reference J8 (at 0 -2.33) (layer F.SilkS)
      (effects (font (size 1 1) (thickness 0.15)))
    )
    (fp_text value Conn_01x18 (at 0 45.51) (layer F.Fab)
      (effects (font (size 1 1) (thickness 0.15)))
    )
    (fp_line (start -0.635 -1.27) (end 1.27 -1.27) (layer F.Fab) (width 0.1))
    (fp_line (start 1.27 -1.27) (end 1.27 44.45) (layer F.Fab) (width 0.1))
    (fp_line (start 1.27 44.45) (end -1.27 44.45) (layer F.Fab) (width 0.1))
    (fp_line (start -1.27 44.45) (end -1.27 -0.635) (layer F.Fab) (width 0.1))
    (fp_line (start -1.27 -0.635) (end -0.635 -1.27) (layer F.Fab) (width 0.1))
    (fp_line (start -1.33 44.51) (end 1.33 44.51) (layer F.SilkS) (width 0.12))
    (fp_line (start -1.33 1.27) (end -1.33 44.51) (layer F.SilkS) (width 0.12))
    (fp_line (start 1.33 1.27) (end 1.33 44.51) (layer F.SilkS) (width 0.12))
    (fp_line (start -1.33 1.27) (end 1.33 1.27) (layer F.SilkS) (width 0.12))
    (fp_line (start -1.33 0) (end -1.33 -1.33) (layer F.SilkS) (width 0.12))
    (fp_line (start -1.33 -1.33) (end 0 -1.33) (layer F.SilkS) (width 0.12))
    (fp_line (start -1.8 -1.8) (end -1.8 44.95) (layer F.CrtYd) (width 0.05))
    (fp_line (start -1.8 44.95) (end 1.8 44.95) (layer F.CrtYd) (width 0.05))
    (fp_line (start 1.8 44.95) (end 1.8 -1.8) (layer F.CrtYd) (width 0.05))
    (fp_line (start 1.8 -1.8) (end -1.8 -1.8) (layer F.CrtYd) (width 0.05))
    (fp_text user %R (at 0 21.59 90) (layer F.Fab)
      (effects (font (size 1 1) (thickness 0.15)))
    )
    (pad 1 thru_hole rect (at 0 0) (size 1.7 1.7) (drill 1) (layers *.Cu *.Mask)
      (net 47 /PB0))
    (pad 2 thru_hole oval (at 0 2.54) (size 1.7 1.7) (drill 1) (layers *.Cu *.Mask)
      (net 48 /PB1))
    (pad 3 thru_hole oval (at 0 5.08) (size 1.7 1.7) (drill 1) (layers *.Cu *.Mask)
      (net 49 /BOOT1))
    (pad 4 thru_hole oval (at 0 7.62) (size 1.7 1.7) (drill 1) (layers *.Cu *.Mask)
      (net 50 /PB3))
    (pad 5 thru_hole oval (at 0 10.16) (size 1.7 1.7) (drill 1) (layers *.Cu *.Mask)
      (net 51 /PB4))
    (pad 6 thru_hole oval (at 0 12.7) (size 1.7 1.7) (drill 1) (layers *.Cu *.Mask)
      (net 52 /PB5))
    (pad 7 thru_hole oval (at 0 15.24) (size 1.7 1.7) (drill 1) (layers *.Cu *.Mask)
      (net 53 /PB6))
    (pad 8 thru_hole oval (at 0 17.78) (size 1.7 1.7) (drill 1) (layers *.Cu *.Mask)
      (net 54 /PB7))
    (pad 9 thru_hole oval (at 0 20.32) (size 1.7 1.7) (drill 1) (layers *.Cu *.Mask)
      (net 55 /PB8))
    (pad 10 thru_hole oval (at 0 22.86) (size 1.7 1.7) (drill 1) (layers *.Cu *.Mask)
      (net 56 /PB9))
    (pad 11 thru_hole oval (at 0 25.4) (size 1.7 1.7) (drill 1) (layers *.Cu *.Mask)
      (net 57 /PB10))
    (pad 12 thru_hole oval (at 0 27.94) (size 1.7 1.7) (drill 1) (layers *.Cu *.Mask)
      (net 19 /PB11))
    (pad 13 thru_hole oval (at 0 30.48) (size 1.7 1.7) (drill 1) (layers *.Cu *.Mask)
      (net 21 /PB12))
    (pad 14 thru_hole oval (at 0 33.02) (size 1.7 1.7) (drill 1) (layers *.Cu *.Mask)
      (net 58 /PB13))
    (pad 15 thru_hole oval (at 0 35.56) (size 1.7 1.7) (drill 1) (layers *.Cu *.Mask)
      (net 59 /PB14))
    (pad 16 thru_hole oval (at 0 38.1) (size 1.7 1.7) (drill 1) (layers *.Cu *.Mask)
      (net 60 /PB15))
    (pad 17 thru_hole oval (at 0 40.64) (size 1.7 1.7) (drill 1) (layers *.Cu *.Mask)
      (net 2 GND))
    (pad 18 thru_hole oval (at 0 43.18) (size 1.7 1.7) (drill 1) (layers *.Cu *.Mask)
      (net 2 GND))
    (model ${KISYS3DMOD}/Connector_PinHeader_2.54mm.3dshapes/PinHeader_1x18_P2.54mm_Vertical.wrl
      (at (xyz 0 0 0))
      (scale (xyz 1 1 1))
      (rotate (xyz 0 0 0))
    )
  )

  (module Connector_PinHeader_2.54mm:PinHeader_1x04_P2.54mm_Vertical (layer F.Cu) (tedit 59FED5CC) (tstamp 5C85DB8B)
    (at 140.65 129.3)
    (descr "Through hole straight pin header, 1x04, 2.54mm pitch, single row")
    (tags "Through hole pin header THT 1x04 2.54mm single row")
    (path /5C85AF00)
    (fp_text reference J10 (at 0 -2.33) (layer F.SilkS)
      (effects (font (size 1 1) (thickness 0.15)))
    )
    (fp_text value Conn_01x04 (at 0 9.95) (layer F.Fab)
      (effects (font (size 1 1) (thickness 0.15)))
    )
    (fp_line (start -0.635 -1.27) (end 1.27 -1.27) (layer F.Fab) (width 0.1))
    (fp_line (start 1.27 -1.27) (end 1.27 8.89) (layer F.Fab) (width 0.1))
    (fp_line (start 1.27 8.89) (end -1.27 8.89) (layer F.Fab) (width 0.1))
    (fp_line (start -1.27 8.89) (end -1.27 -0.635) (layer F.Fab) (width 0.1))
    (fp_line (start -1.27 -0.635) (end -0.635 -1.27) (layer F.Fab) (width 0.1))
    (fp_line (start -1.33 8.95) (end 1.33 8.95) (layer F.SilkS) (width 0.12))
    (fp_line (start -1.33 1.27) (end -1.33 8.95) (layer F.SilkS) (width 0.12))
    (fp_line (start 1.33 1.27) (end 1.33 8.95) (layer F.SilkS) (width 0.12))
    (fp_line (start -1.33 1.27) (end 1.33 1.27) (layer F.SilkS) (width 0.12))
    (fp_line (start -1.33 0) (end -1.33 -1.33) (layer F.SilkS) (width 0.12))
    (fp_line (start -1.33 -1.33) (end 0 -1.33) (layer F.SilkS) (width 0.12))
    (fp_line (start -1.8 -1.8) (end -1.8 9.4) (layer F.CrtYd) (width 0.05))
    (fp_line (start -1.8 9.4) (end 1.8 9.4) (layer F.CrtYd) (width 0.05))
    (fp_line (start 1.8 9.4) (end 1.8 -1.8) (layer F.CrtYd) (width 0.05))
    (fp_line (start 1.8 -1.8) (end -1.8 -1.8) (layer F.CrtYd) (width 0.05))
    (fp_text user %R (at 0 3.81 90) (layer F.Fab)
      (effects (font (size 1 1) (thickness 0.15)))
    )
    (pad 1 thru_hole rect (at 0 0) (size 1.7 1.7) (drill 1) (layers *.Cu *.Mask)
      (net 63 /LV0))
    (pad 2 thru_hole oval (at 0 2.54) (size 1.7 1.7) (drill 1) (layers *.Cu *.Mask)
      (net 64 /LV1))
    (pad 3 thru_hole oval (at 0 5.08) (size 1.7 1.7) (drill 1) (layers *.Cu *.Mask)
      (net 65 /LV2))
    (pad 4 thru_hole oval (at 0 7.62) (size 1.7 1.7) (drill 1) (layers *.Cu *.Mask)
      (net 66 /LV3))
    (model ${KISYS3DMOD}/Connector_PinHeader_2.54mm.3dshapes/PinHeader_1x04_P2.54mm_Vertical.wrl
      (at (xyz 0 0 0))
      (scale (xyz 1 1 1))
      (rotate (xyz 0 0 0))
    )
  )

  (module Capacitor_SMD:C_1806_4516Metric_Pad1.57x1.80mm_HandSolder (layer F.Cu) (tedit 5B301BBE) (tstamp 5C9A5B13)
    (at 185.8 121.8625 270)
    (descr "Capacitor SMD 1806 (4516 Metric), square (rectangular) end terminal, IPC_7351 nominal with elongated pad for handsoldering. (Body size source: https://www.modelithics.com/models/Vendor/MuRata/BLM41P.pdf), generated with kicad-footprint-generator")
    (tags "capacitor handsolder")
    (path /5BB1DB6B)
    (attr smd)
    (fp_text reference C1 (at 0 -1.85 270) (layer F.SilkS)
      (effects (font (size 1 1) (thickness 0.15)))
    )
    (fp_text value 104 (at 0 1.85 270) (layer F.Fab)
      (effects (font (size 1 1) (thickness 0.15)))
    )
    (fp_line (start -2.25 0.8) (end -2.25 -0.8) (layer F.Fab) (width 0.1))
    (fp_line (start -2.25 -0.8) (end 2.25 -0.8) (layer F.Fab) (width 0.1))
    (fp_line (start 2.25 -0.8) (end 2.25 0.8) (layer F.Fab) (width 0.1))
    (fp_line (start 2.25 0.8) (end -2.25 0.8) (layer F.Fab) (width 0.1))
    (fp_line (start -1.111252 -0.91) (end 1.111252 -0.91) (layer F.SilkS) (width 0.12))
    (fp_line (start -1.111252 0.91) (end 1.111252 0.91) (layer F.SilkS) (width 0.12))
    (fp_line (start -3.12 1.15) (end -3.12 -1.15) (layer F.CrtYd) (width 0.05))
    (fp_line (start -3.12 -1.15) (end 3.12 -1.15) (layer F.CrtYd) (width 0.05))
    (fp_line (start 3.12 -1.15) (end 3.12 1.15) (layer F.CrtYd) (width 0.05))
    (fp_line (start 3.12 1.15) (end -3.12 1.15) (layer F.CrtYd) (width 0.05))
    (fp_text user %R (at 0 0 270) (layer F.Fab)
      (effects (font (size 1 1) (thickness 0.15)))
    )
    (pad 1 smd roundrect (at -2.0875 0 270) (size 1.575 1.8) (layers F.Cu F.Paste F.Mask) (roundrect_rratio 0.15873)
      (net 1 +3V3))
    (pad 2 smd roundrect (at 2.0875 0 270) (size 1.575 1.8) (layers F.Cu F.Paste F.Mask) (roundrect_rratio 0.15873)
      (net 2 GND))
    (model ${KISYS3DMOD}/Capacitor_SMD.3dshapes/C_1806_4516Metric.wrl
      (at (xyz 0 0 0))
      (scale (xyz 1 1 1))
      (rotate (xyz 0 0 0))
    )
  )

  (module Capacitor_SMD:C_1806_4516Metric_Pad1.57x1.80mm_HandSolder (layer F.Cu) (tedit 5B301BBE) (tstamp 5C85E0D3)
    (at 156.45 119.7625 270)
    (descr "Capacitor SMD 1806 (4516 Metric), square (rectangular) end terminal, IPC_7351 nominal with elongated pad for handsoldering. (Body size source: https://www.modelithics.com/models/Vendor/MuRata/BLM41P.pdf), generated with kicad-footprint-generator")
    (tags "capacitor handsolder")
    (path /5BB09D63)
    (attr smd)
    (fp_text reference C2 (at 0 -1.85 270) (layer F.SilkS)
      (effects (font (size 1 1) (thickness 0.15)))
    )
    (fp_text value 100nF (at 0 1.85 270) (layer F.Fab)
      (effects (font (size 1 1) (thickness 0.15)))
    )
    (fp_line (start -2.25 0.8) (end -2.25 -0.8) (layer F.Fab) (width 0.1))
    (fp_line (start -2.25 -0.8) (end 2.25 -0.8) (layer F.Fab) (width 0.1))
    (fp_line (start 2.25 -0.8) (end 2.25 0.8) (layer F.Fab) (width 0.1))
    (fp_line (start 2.25 0.8) (end -2.25 0.8) (layer F.Fab) (width 0.1))
    (fp_line (start -1.111252 -0.91) (end 1.111252 -0.91) (layer F.SilkS) (width 0.12))
    (fp_line (start -1.111252 0.91) (end 1.111252 0.91) (layer F.SilkS) (width 0.12))
    (fp_line (start -3.12 1.15) (end -3.12 -1.15) (layer F.CrtYd) (width 0.05))
    (fp_line (start -3.12 -1.15) (end 3.12 -1.15) (layer F.CrtYd) (width 0.05))
    (fp_line (start 3.12 -1.15) (end 3.12 1.15) (layer F.CrtYd) (width 0.05))
    (fp_line (start 3.12 1.15) (end -3.12 1.15) (layer F.CrtYd) (width 0.05))
    (fp_text user %R (at 0 0 270) (layer F.Fab)
      (effects (font (size 1 1) (thickness 0.15)))
    )
    (pad 1 smd roundrect (at -2.0875 0 270) (size 1.575 1.8) (layers F.Cu F.Paste F.Mask) (roundrect_rratio 0.15873)
      (net 1 +3V3))
    (pad 2 smd roundrect (at 2.0875 0 270) (size 1.575 1.8) (layers F.Cu F.Paste F.Mask) (roundrect_rratio 0.15873)
      (net 2 GND))
    (model ${KISYS3DMOD}/Capacitor_SMD.3dshapes/C_1806_4516Metric.wrl
      (at (xyz 0 0 0))
      (scale (xyz 1 1 1))
      (rotate (xyz 0 0 0))
    )
  )

  (module Capacitor_SMD:C_1806_4516Metric_Pad1.57x1.80mm_HandSolder (layer F.Cu) (tedit 5B301BBE) (tstamp 5C85E139)
    (at 153.15 85.1625 90)
    (descr "Capacitor SMD 1806 (4516 Metric), square (rectangular) end terminal, IPC_7351 nominal with elongated pad for handsoldering. (Body size source: https://www.modelithics.com/models/Vendor/MuRata/BLM41P.pdf), generated with kicad-footprint-generator")
    (tags "capacitor handsolder")
    (path /5BB0A2A4)
    (attr smd)
    (fp_text reference C3 (at 0 -1.85 90) (layer F.SilkS)
      (effects (font (size 1 1) (thickness 0.15)))
    )
    (fp_text value 100nF (at 0 1.85 90) (layer F.Fab)
      (effects (font (size 1 1) (thickness 0.15)))
    )
    (fp_text user %R (at 0 0 90) (layer F.Fab)
      (effects (font (size 1 1) (thickness 0.15)))
    )
    (fp_line (start 3.12 1.15) (end -3.12 1.15) (layer F.CrtYd) (width 0.05))
    (fp_line (start 3.12 -1.15) (end 3.12 1.15) (layer F.CrtYd) (width 0.05))
    (fp_line (start -3.12 -1.15) (end 3.12 -1.15) (layer F.CrtYd) (width 0.05))
    (fp_line (start -3.12 1.15) (end -3.12 -1.15) (layer F.CrtYd) (width 0.05))
    (fp_line (start -1.111252 0.91) (end 1.111252 0.91) (layer F.SilkS) (width 0.12))
    (fp_line (start -1.111252 -0.91) (end 1.111252 -0.91) (layer F.SilkS) (width 0.12))
    (fp_line (start 2.25 0.8) (end -2.25 0.8) (layer F.Fab) (width 0.1))
    (fp_line (start 2.25 -0.8) (end 2.25 0.8) (layer F.Fab) (width 0.1))
    (fp_line (start -2.25 -0.8) (end 2.25 -0.8) (layer F.Fab) (width 0.1))
    (fp_line (start -2.25 0.8) (end -2.25 -0.8) (layer F.Fab) (width 0.1))
    (pad 2 smd roundrect (at 2.0875 0 90) (size 1.575 1.8) (layers F.Cu F.Paste F.Mask) (roundrect_rratio 0.15873)
      (net 2 GND))
    (pad 1 smd roundrect (at -2.0875 0 90) (size 1.575 1.8) (layers F.Cu F.Paste F.Mask) (roundrect_rratio 0.15873)
      (net 1 +3V3))
    (model ${KISYS3DMOD}/Capacitor_SMD.3dshapes/C_1806_4516Metric.wrl
      (at (xyz 0 0 0))
      (scale (xyz 1 1 1))
      (rotate (xyz 0 0 0))
    )
  )

  (module Capacitor_SMD:C_1806_4516Metric_Pad1.57x1.80mm_HandSolder (layer F.Cu) (tedit 5B301BBE) (tstamp 5C85E169)
    (at 166.45 82.7875 90)
    (descr "Capacitor SMD 1806 (4516 Metric), square (rectangular) end terminal, IPC_7351 nominal with elongated pad for handsoldering. (Body size source: https://www.modelithics.com/models/Vendor/MuRata/BLM41P.pdf), generated with kicad-footprint-generator")
    (tags "capacitor handsolder")
    (path /5BB0A742)
    (attr smd)
    (fp_text reference C4 (at 0 -1.85 90) (layer F.SilkS)
      (effects (font (size 1 1) (thickness 0.15)))
    )
    (fp_text value 100nF (at 0 1.85 90) (layer F.Fab)
      (effects (font (size 1 1) (thickness 0.15)))
    )
    (fp_line (start -2.25 0.8) (end -2.25 -0.8) (layer F.Fab) (width 0.1))
    (fp_line (start -2.25 -0.8) (end 2.25 -0.8) (layer F.Fab) (width 0.1))
    (fp_line (start 2.25 -0.8) (end 2.25 0.8) (layer F.Fab) (width 0.1))
    (fp_line (start 2.25 0.8) (end -2.25 0.8) (layer F.Fab) (width 0.1))
    (fp_line (start -1.111252 -0.91) (end 1.111252 -0.91) (layer F.SilkS) (width 0.12))
    (fp_line (start -1.111252 0.91) (end 1.111252 0.91) (layer F.SilkS) (width 0.12))
    (fp_line (start -3.12 1.15) (end -3.12 -1.15) (layer F.CrtYd) (width 0.05))
    (fp_line (start -3.12 -1.15) (end 3.12 -1.15) (layer F.CrtYd) (width 0.05))
    (fp_line (start 3.12 -1.15) (end 3.12 1.15) (layer F.CrtYd) (width 0.05))
    (fp_line (start 3.12 1.15) (end -3.12 1.15) (layer F.CrtYd) (width 0.05))
    (fp_text user %R (at 0 0 90) (layer F.Fab)
      (effects (font (size 1 1) (thickness 0.15)))
    )
    (pad 1 smd roundrect (at -2.0875 0 90) (size 1.575 1.8) (layers F.Cu F.Paste F.Mask) (roundrect_rratio 0.15873)
      (net 1 +3V3))
    (pad 2 smd roundrect (at 2.0875 0 90) (size 1.575 1.8) (layers F.Cu F.Paste F.Mask) (roundrect_rratio 0.15873)
      (net 2 GND))
    (model ${KISYS3DMOD}/Capacitor_SMD.3dshapes/C_1806_4516Metric.wrl
      (at (xyz 0 0 0))
      (scale (xyz 1 1 1))
      (rotate (xyz 0 0 0))
    )
  )

  (module Capacitor_SMD:C_1806_4516Metric_Pad1.57x1.80mm_HandSolder (layer F.Cu) (tedit 5B301BBE) (tstamp 5C85E199)
    (at 143.75 90.4375 270)
    (descr "Capacitor SMD 1806 (4516 Metric), square (rectangular) end terminal, IPC_7351 nominal with elongated pad for handsoldering. (Body size source: https://www.modelithics.com/models/Vendor/MuRata/BLM41P.pdf), generated with kicad-footprint-generator")
    (tags "capacitor handsolder")
    (path /5BB0ABE0)
    (attr smd)
    (fp_text reference C5 (at 0 -1.85 270) (layer F.SilkS)
      (effects (font (size 1 1) (thickness 0.15)))
    )
    (fp_text value 100nF (at 0 1.85 270) (layer F.Fab)
      (effects (font (size 1 1) (thickness 0.15)))
    )
    (fp_line (start -2.25 0.8) (end -2.25 -0.8) (layer F.Fab) (width 0.1))
    (fp_line (start -2.25 -0.8) (end 2.25 -0.8) (layer F.Fab) (width 0.1))
    (fp_line (start 2.25 -0.8) (end 2.25 0.8) (layer F.Fab) (width 0.1))
    (fp_line (start 2.25 0.8) (end -2.25 0.8) (layer F.Fab) (width 0.1))
    (fp_line (start -1.111252 -0.91) (end 1.111252 -0.91) (layer F.SilkS) (width 0.12))
    (fp_line (start -1.111252 0.91) (end 1.111252 0.91) (layer F.SilkS) (width 0.12))
    (fp_line (start -3.12 1.15) (end -3.12 -1.15) (layer F.CrtYd) (width 0.05))
    (fp_line (start -3.12 -1.15) (end 3.12 -1.15) (layer F.CrtYd) (width 0.05))
    (fp_line (start 3.12 -1.15) (end 3.12 1.15) (layer F.CrtYd) (width 0.05))
    (fp_line (start 3.12 1.15) (end -3.12 1.15) (layer F.CrtYd) (width 0.05))
    (fp_text user %R (at 0 0 270) (layer F.Fab)
      (effects (font (size 1 1) (thickness 0.15)))
    )
    (pad 1 smd roundrect (at -2.0875 0 270) (size 1.575 1.8) (layers F.Cu F.Paste F.Mask) (roundrect_rratio 0.15873)
      (net 1 +3V3))
    (pad 2 smd roundrect (at 2.0875 0 270) (size 1.575 1.8) (layers F.Cu F.Paste F.Mask) (roundrect_rratio 0.15873)
      (net 2 GND))
    (model ${KISYS3DMOD}/Capacitor_SMD.3dshapes/C_1806_4516Metric.wrl
      (at (xyz 0 0 0))
      (scale (xyz 1 1 1))
      (rotate (xyz 0 0 0))
    )
  )

  (module Capacitor_SMD:C_1806_4516Metric_Pad1.57x1.80mm_HandSolder (layer F.Cu) (tedit 5B301BBE) (tstamp 5C9A9BEB)
    (at 160.45 110.8875 270)
    (descr "Capacitor SMD 1806 (4516 Metric), square (rectangular) end terminal, IPC_7351 nominal with elongated pad for handsoldering. (Body size source: https://www.modelithics.com/models/Vendor/MuRata/BLM41P.pdf), generated with kicad-footprint-generator")
    (tags "capacitor handsolder")
    (path /5BB06A4E)
    (attr smd)
    (fp_text reference C6 (at 0 -1.85 270) (layer F.SilkS)
      (effects (font (size 1 1) (thickness 0.15)))
    )
    (fp_text value 20p (at 0 1.85 270) (layer F.Fab)
      (effects (font (size 1 1) (thickness 0.15)))
    )
    (fp_line (start -2.25 0.8) (end -2.25 -0.8) (layer F.Fab) (width 0.1))
    (fp_line (start -2.25 -0.8) (end 2.25 -0.8) (layer F.Fab) (width 0.1))
    (fp_line (start 2.25 -0.8) (end 2.25 0.8) (layer F.Fab) (width 0.1))
    (fp_line (start 2.25 0.8) (end -2.25 0.8) (layer F.Fab) (width 0.1))
    (fp_line (start -1.111252 -0.91) (end 1.111252 -0.91) (layer F.SilkS) (width 0.12))
    (fp_line (start -1.111252 0.91) (end 1.111252 0.91) (layer F.SilkS) (width 0.12))
    (fp_line (start -3.12 1.15) (end -3.12 -1.15) (layer F.CrtYd) (width 0.05))
    (fp_line (start -3.12 -1.15) (end 3.12 -1.15) (layer F.CrtYd) (width 0.05))
    (fp_line (start 3.12 -1.15) (end 3.12 1.15) (layer F.CrtYd) (width 0.05))
    (fp_line (start 3.12 1.15) (end -3.12 1.15) (layer F.CrtYd) (width 0.05))
    (fp_text user %R (at 0 0 270) (layer F.Fab)
      (effects (font (size 1 1) (thickness 0.15)))
    )
    (pad 1 smd roundrect (at -2.0875 0 270) (size 1.575 1.8) (layers F.Cu F.Paste F.Mask) (roundrect_rratio 0.15873)
      (net 61 /PD0))
    (pad 2 smd roundrect (at 2.0875 0 270) (size 1.575 1.8) (layers F.Cu F.Paste F.Mask) (roundrect_rratio 0.15873)
      (net 2 GND))
    (model ${KISYS3DMOD}/Capacitor_SMD.3dshapes/C_1806_4516Metric.wrl
      (at (xyz 0 0 0))
      (scale (xyz 1 1 1))
      (rotate (xyz 0 0 0))
    )
  )

  (module Capacitor_SMD:C_1806_4516Metric_Pad1.57x1.80mm_HandSolder (layer F.Cu) (tedit 5B301BBE) (tstamp 5C9A9C1B)
    (at 169.25 110.9375 270)
    (descr "Capacitor SMD 1806 (4516 Metric), square (rectangular) end terminal, IPC_7351 nominal with elongated pad for handsoldering. (Body size source: https://www.modelithics.com/models/Vendor/MuRata/BLM41P.pdf), generated with kicad-footprint-generator")
    (tags "capacitor handsolder")
    (path /5BB06AD4)
    (attr smd)
    (fp_text reference C7 (at 0 -1.85 270) (layer F.SilkS)
      (effects (font (size 1 1) (thickness 0.15)))
    )
    (fp_text value 20p (at 0 1.85 270) (layer F.Fab)
      (effects (font (size 1 1) (thickness 0.15)))
    )
    (fp_text user %R (at 0 0 270) (layer F.Fab)
      (effects (font (size 1 1) (thickness 0.15)))
    )
    (fp_line (start 3.12 1.15) (end -3.12 1.15) (layer F.CrtYd) (width 0.05))
    (fp_line (start 3.12 -1.15) (end 3.12 1.15) (layer F.CrtYd) (width 0.05))
    (fp_line (start -3.12 -1.15) (end 3.12 -1.15) (layer F.CrtYd) (width 0.05))
    (fp_line (start -3.12 1.15) (end -3.12 -1.15) (layer F.CrtYd) (width 0.05))
    (fp_line (start -1.111252 0.91) (end 1.111252 0.91) (layer F.SilkS) (width 0.12))
    (fp_line (start -1.111252 -0.91) (end 1.111252 -0.91) (layer F.SilkS) (width 0.12))
    (fp_line (start 2.25 0.8) (end -2.25 0.8) (layer F.Fab) (width 0.1))
    (fp_line (start 2.25 -0.8) (end 2.25 0.8) (layer F.Fab) (width 0.1))
    (fp_line (start -2.25 -0.8) (end 2.25 -0.8) (layer F.Fab) (width 0.1))
    (fp_line (start -2.25 0.8) (end -2.25 -0.8) (layer F.Fab) (width 0.1))
    (pad 2 smd roundrect (at 2.0875 0 270) (size 1.575 1.8) (layers F.Cu F.Paste F.Mask) (roundrect_rratio 0.15873)
      (net 2 GND))
    (pad 1 smd roundrect (at -2.0875 0 270) (size 1.575 1.8) (layers F.Cu F.Paste F.Mask) (roundrect_rratio 0.15873)
      (net 62 /PD1))
    (model ${KISYS3DMOD}/Capacitor_SMD.3dshapes/C_1806_4516Metric.wrl
      (at (xyz 0 0 0))
      (scale (xyz 1 1 1))
      (rotate (xyz 0 0 0))
    )
  )

  (module Capacitor_SMD:C_1806_4516Metric_Pad1.57x1.80mm_HandSolder (layer F.Cu) (tedit 5B301BBE) (tstamp 5C85D198)
    (at 191.25 107.7875 90)
    (descr "Capacitor SMD 1806 (4516 Metric), square (rectangular) end terminal, IPC_7351 nominal with elongated pad for handsoldering. (Body size source: https://www.modelithics.com/models/Vendor/MuRata/BLM41P.pdf), generated with kicad-footprint-generator")
    (tags "capacitor handsolder")
    (path /5BB1E3E9)
    (attr smd)
    (fp_text reference C8 (at 0 -1.85 90) (layer F.SilkS)
      (effects (font (size 1 1) (thickness 0.15)))
    )
    (fp_text value 1uF (at 0 1.85 90) (layer F.Fab)
      (effects (font (size 1 1) (thickness 0.15)))
    )
    (fp_text user %R (at 0 0 90) (layer F.Fab)
      (effects (font (size 1 1) (thickness 0.15)))
    )
    (fp_line (start 3.12 1.15) (end -3.12 1.15) (layer F.CrtYd) (width 0.05))
    (fp_line (start 3.12 -1.15) (end 3.12 1.15) (layer F.CrtYd) (width 0.05))
    (fp_line (start -3.12 -1.15) (end 3.12 -1.15) (layer F.CrtYd) (width 0.05))
    (fp_line (start -3.12 1.15) (end -3.12 -1.15) (layer F.CrtYd) (width 0.05))
    (fp_line (start -1.111252 0.91) (end 1.111252 0.91) (layer F.SilkS) (width 0.12))
    (fp_line (start -1.111252 -0.91) (end 1.111252 -0.91) (layer F.SilkS) (width 0.12))
    (fp_line (start 2.25 0.8) (end -2.25 0.8) (layer F.Fab) (width 0.1))
    (fp_line (start 2.25 -0.8) (end 2.25 0.8) (layer F.Fab) (width 0.1))
    (fp_line (start -2.25 -0.8) (end 2.25 -0.8) (layer F.Fab) (width 0.1))
    (fp_line (start -2.25 0.8) (end -2.25 -0.8) (layer F.Fab) (width 0.1))
    (pad 2 smd roundrect (at 2.0875 0 90) (size 1.575 1.8) (layers F.Cu F.Paste F.Mask) (roundrect_rratio 0.15873)
      (net 3 +5V))
    (pad 1 smd roundrect (at -2.0875 0 90) (size 1.575 1.8) (layers F.Cu F.Paste F.Mask) (roundrect_rratio 0.15873)
      (net 2 GND))
    (model ${KISYS3DMOD}/Capacitor_SMD.3dshapes/C_1806_4516Metric.wrl
      (at (xyz 0 0 0))
      (scale (xyz 1 1 1))
      (rotate (xyz 0 0 0))
    )
  )

  (module Capacitor_SMD:C_1806_4516Metric_Pad1.57x1.80mm_HandSolder (layer F.Cu) (tedit 5B301BBE) (tstamp 5C85E30F)
    (at 144.75 115.7875 270)
    (descr "Capacitor SMD 1806 (4516 Metric), square (rectangular) end terminal, IPC_7351 nominal with elongated pad for handsoldering. (Body size source: https://www.modelithics.com/models/Vendor/MuRata/BLM41P.pdf), generated with kicad-footprint-generator")
    (tags "capacitor handsolder")
    (path /5BB099B3)
    (attr smd)
    (fp_text reference C9 (at 0 -1.85 270) (layer F.SilkS)
      (effects (font (size 1 1) (thickness 0.15)))
    )
    (fp_text value 20p (at 0 1.85 270) (layer F.Fab)
      (effects (font (size 1 1) (thickness 0.15)))
    )
    (fp_line (start -2.25 0.8) (end -2.25 -0.8) (layer F.Fab) (width 0.1))
    (fp_line (start -2.25 -0.8) (end 2.25 -0.8) (layer F.Fab) (width 0.1))
    (fp_line (start 2.25 -0.8) (end 2.25 0.8) (layer F.Fab) (width 0.1))
    (fp_line (start 2.25 0.8) (end -2.25 0.8) (layer F.Fab) (width 0.1))
    (fp_line (start -1.111252 -0.91) (end 1.111252 -0.91) (layer F.SilkS) (width 0.12))
    (fp_line (start -1.111252 0.91) (end 1.111252 0.91) (layer F.SilkS) (width 0.12))
    (fp_line (start -3.12 1.15) (end -3.12 -1.15) (layer F.CrtYd) (width 0.05))
    (fp_line (start -3.12 -1.15) (end 3.12 -1.15) (layer F.CrtYd) (width 0.05))
    (fp_line (start 3.12 -1.15) (end 3.12 1.15) (layer F.CrtYd) (width 0.05))
    (fp_line (start 3.12 1.15) (end -3.12 1.15) (layer F.CrtYd) (width 0.05))
    (fp_text user %R (at 0 0 270) (layer F.Fab)
      (effects (font (size 1 1) (thickness 0.15)))
    )
    (pad 1 smd roundrect (at -2.0875 0 270) (size 1.575 1.8) (layers F.Cu F.Paste F.Mask) (roundrect_rratio 0.15873)
      (net 4 /PC14))
    (pad 2 smd roundrect (at 2.0875 0 270) (size 1.575 1.8) (layers F.Cu F.Paste F.Mask) (roundrect_rratio 0.15873)
      (net 2 GND))
    (model ${KISYS3DMOD}/Capacitor_SMD.3dshapes/C_1806_4516Metric.wrl
      (at (xyz 0 0 0))
      (scale (xyz 1 1 1))
      (rotate (xyz 0 0 0))
    )
  )

  (module Capacitor_SMD:C_1806_4516Metric_Pad1.57x1.80mm_HandSolder (layer F.Cu) (tedit 5B301BBE) (tstamp 5C9A5BAC)
    (at 152.25 115.7875 270)
    (descr "Capacitor SMD 1806 (4516 Metric), square (rectangular) end terminal, IPC_7351 nominal with elongated pad for handsoldering. (Body size source: https://www.modelithics.com/models/Vendor/MuRata/BLM41P.pdf), generated with kicad-footprint-generator")
    (tags "capacitor handsolder")
    (path /5BB09A15)
    (attr smd)
    (fp_text reference C10 (at 0 -1.85 270) (layer F.SilkS)
      (effects (font (size 1 1) (thickness 0.15)))
    )
    (fp_text value 20p (at 0 1.85 270) (layer F.Fab)
      (effects (font (size 1 1) (thickness 0.15)))
    )
    (fp_text user %R (at 0 0 270) (layer F.Fab)
      (effects (font (size 1 1) (thickness 0.15)))
    )
    (fp_line (start 3.12 1.15) (end -3.12 1.15) (layer F.CrtYd) (width 0.05))
    (fp_line (start 3.12 -1.15) (end 3.12 1.15) (layer F.CrtYd) (width 0.05))
    (fp_line (start -3.12 -1.15) (end 3.12 -1.15) (layer F.CrtYd) (width 0.05))
    (fp_line (start -3.12 1.15) (end -3.12 -1.15) (layer F.CrtYd) (width 0.05))
    (fp_line (start -1.111252 0.91) (end 1.111252 0.91) (layer F.SilkS) (width 0.12))
    (fp_line (start -1.111252 -0.91) (end 1.111252 -0.91) (layer F.SilkS) (width 0.12))
    (fp_line (start 2.25 0.8) (end -2.25 0.8) (layer F.Fab) (width 0.1))
    (fp_line (start 2.25 -0.8) (end 2.25 0.8) (layer F.Fab) (width 0.1))
    (fp_line (start -2.25 -0.8) (end 2.25 -0.8) (layer F.Fab) (width 0.1))
    (fp_line (start -2.25 0.8) (end -2.25 -0.8) (layer F.Fab) (width 0.1))
    (pad 2 smd roundrect (at 2.0875 0 270) (size 1.575 1.8) (layers F.Cu F.Paste F.Mask) (roundrect_rratio 0.15873)
      (net 2 GND))
    (pad 1 smd roundrect (at -2.0875 0 270) (size 1.575 1.8) (layers F.Cu F.Paste F.Mask) (roundrect_rratio 0.15873)
      (net 5 /PC15))
    (model ${KISYS3DMOD}/Capacitor_SMD.3dshapes/C_1806_4516Metric.wrl
      (at (xyz 0 0 0))
      (scale (xyz 1 1 1))
      (rotate (xyz 0 0 0))
    )
  )

  (module Capacitor_SMD:C_1806_4516Metric_Pad1.57x1.80mm_HandSolder (layer F.Cu) (tedit 5B301BBE) (tstamp 5C85D1D1)
    (at 186.55 112.7125 270)
    (descr "Capacitor SMD 1806 (4516 Metric), square (rectangular) end terminal, IPC_7351 nominal with elongated pad for handsoldering. (Body size source: https://www.modelithics.com/models/Vendor/MuRata/BLM41P.pdf), generated with kicad-footprint-generator")
    (tags "capacitor handsolder")
    (path /5BB1E1BB)
    (attr smd)
    (fp_text reference C11 (at 0 -1.85 270) (layer F.SilkS)
      (effects (font (size 1 1) (thickness 0.15)))
    )
    (fp_text value 0.01uF (at 0 1.85 270) (layer F.Fab)
      (effects (font (size 1 1) (thickness 0.15)))
    )
    (fp_text user %R (at 0 0 270) (layer F.Fab)
      (effects (font (size 1 1) (thickness 0.15)))
    )
    (fp_line (start 3.12 1.15) (end -3.12 1.15) (layer F.CrtYd) (width 0.05))
    (fp_line (start 3.12 -1.15) (end 3.12 1.15) (layer F.CrtYd) (width 0.05))
    (fp_line (start -3.12 -1.15) (end 3.12 -1.15) (layer F.CrtYd) (width 0.05))
    (fp_line (start -3.12 1.15) (end -3.12 -1.15) (layer F.CrtYd) (width 0.05))
    (fp_line (start -1.111252 0.91) (end 1.111252 0.91) (layer F.SilkS) (width 0.12))
    (fp_line (start -1.111252 -0.91) (end 1.111252 -0.91) (layer F.SilkS) (width 0.12))
    (fp_line (start 2.25 0.8) (end -2.25 0.8) (layer F.Fab) (width 0.1))
    (fp_line (start 2.25 -0.8) (end 2.25 0.8) (layer F.Fab) (width 0.1))
    (fp_line (start -2.25 -0.8) (end 2.25 -0.8) (layer F.Fab) (width 0.1))
    (fp_line (start -2.25 0.8) (end -2.25 -0.8) (layer F.Fab) (width 0.1))
    (pad 2 smd roundrect (at 2.0875 0 270) (size 1.575 1.8) (layers F.Cu F.Paste F.Mask) (roundrect_rratio 0.15873)
      (net 1 +3V3))
    (pad 1 smd roundrect (at -2.0875 0 270) (size 1.575 1.8) (layers F.Cu F.Paste F.Mask) (roundrect_rratio 0.15873)
      (net 6 "Net-(C11-Pad1)"))
    (model ${KISYS3DMOD}/Capacitor_SMD.3dshapes/C_1806_4516Metric.wrl
      (at (xyz 0 0 0))
      (scale (xyz 1 1 1))
      (rotate (xyz 0 0 0))
    )
  )

  (module Capacitor_SMD:C_1806_4516Metric_Pad1.57x1.80mm_HandSolder (layer F.Cu) (tedit 5B301BBE) (tstamp 5C85D0CF)
    (at 180.95 108.9125 270)
    (descr "Capacitor SMD 1806 (4516 Metric), square (rectangular) end terminal, IPC_7351 nominal with elongated pad for handsoldering. (Body size source: https://www.modelithics.com/models/Vendor/MuRata/BLM41P.pdf), generated with kicad-footprint-generator")
    (tags "capacitor handsolder")
    (path /5BB1E331)
    (attr smd)
    (fp_text reference C12 (at 0 -1.85 270) (layer F.SilkS)
      (effects (font (size 1 1) (thickness 0.15)))
    )
    (fp_text value 10uF (at 0 1.85 270) (layer F.Fab)
      (effects (font (size 1 1) (thickness 0.15)))
    )
    (fp_line (start -2.25 0.8) (end -2.25 -0.8) (layer F.Fab) (width 0.1))
    (fp_line (start -2.25 -0.8) (end 2.25 -0.8) (layer F.Fab) (width 0.1))
    (fp_line (start 2.25 -0.8) (end 2.25 0.8) (layer F.Fab) (width 0.1))
    (fp_line (start 2.25 0.8) (end -2.25 0.8) (layer F.Fab) (width 0.1))
    (fp_line (start -1.111252 -0.91) (end 1.111252 -0.91) (layer F.SilkS) (width 0.12))
    (fp_line (start -1.111252 0.91) (end 1.111252 0.91) (layer F.SilkS) (width 0.12))
    (fp_line (start -3.12 1.15) (end -3.12 -1.15) (layer F.CrtYd) (width 0.05))
    (fp_line (start -3.12 -1.15) (end 3.12 -1.15) (layer F.CrtYd) (width 0.05))
    (fp_line (start 3.12 -1.15) (end 3.12 1.15) (layer F.CrtYd) (width 0.05))
    (fp_line (start 3.12 1.15) (end -3.12 1.15) (layer F.CrtYd) (width 0.05))
    (fp_text user %R (at 0 0 270) (layer F.Fab)
      (effects (font (size 1 1) (thickness 0.15)))
    )
    (pad 1 smd roundrect (at -2.0875 0 270) (size 1.575 1.8) (layers F.Cu F.Paste F.Mask) (roundrect_rratio 0.15873)
      (net 2 GND))
    (pad 2 smd roundrect (at 2.0875 0 270) (size 1.575 1.8) (layers F.Cu F.Paste F.Mask) (roundrect_rratio 0.15873)
      (net 1 +3V3))
